J=1
latticeSize=20
h=0

kT=1
11000000000000011111
11000000000000011001
01000000000000011000
00000000100000000000
00000000010110000000
00111110000000000000
00001110000000000000
00000100000000000000
00000000000000000000
00000010000000011100
01001010000000000000
00000000000000000000
00000000000000000000
00000000000000000000
00000000000000000000
00000000000000000000
00000000000001100000
00000000000000000000
00000100000000000001
10000000000000001111

kT=1.1
11111111111111111111
11110111111111111111
11111110101111111110
00111111000110111100
11111111011101111111
11101111111101111111
11111111111111110111
11111111100011111111
11011111111111111111
11111111101111111111
11111111111111111111
11111111111111111111
11111110011111111111
11101110011111111111
11111111111111111111
11111110011111111101
11111111111111111111
11101011111111101111
00000000111111111110
00101101111111111111

kT=1.2
00111000000000000000
01111000000000000000
00000000000000000001
00000000100000000001
00000000000000000000
00000000000000000000
00000000100000000000
01111000000000001110
00111000100000000010
00111000000000100110
01111000000000100010
01111000000000000010
01100000000000000000
00000000000101110011
10000000000111000011
10000000000001000000
00000000010000000000
00000000100000000000
00111000100000000000
00110000000001101000

kT=1.3
00010000111110111000
10001100011100111011
11101000111100111101
11111000000111111101
11101000000101110000
00001100000011110110
00001100000011111000
00000000000000110101
00110000000001110000
11110000000001110000
11111000000011111111
10010000000000111111
10011001110000111111
11000001110011111011
00100011111111111000
11100011011111001111
11111001111111111111
11111000111111110111
11111001111111110001
00111100111111111000

kT=1.4
01111110000011100011
11111110001111000001
10011000001100000011
10011000000000000001
10000000000011111100
00100100000001000000
01000000001100000000
00000000001000000000
01000101000010011000
01110101100111011000
01100001101110001111
10000011111100001111
10000000001110001101
10000000001111111111
10000111000111111111
10000110000111111011
11000100010101111111
11101000000111011111
11111110111111000101
01111110011111010110

kT=1.5
11100101101111000111
11110111001000001000
11100110000011111001
11100111111111000001
11100010111111110110
01100000111111111111
11100011111000111111
11101101100000110101
11011011110000100001
11100011111101110001
01001111111100100001
00000111110110100111
11101111111110100111
11111111111001100001
10001111111000000001
10011011110111100001
10011011111011111101
11111001111010100101
11111001110111110111
11110101111110111011

kT=1.6
11111011100001100011
11111011111111000001
00011111111110000000
00011111101110000000
10111110010110000000
11111110011000000011
11110000011000000101
11011000010000000001
10011001110000000000
00000100111001100000
11100110111101101100
11100010110001100111
11100111110001111111
11110110110011100001
11111111110001110111
11100111110001111111
10100110111100111111
11100111111100111110
11100110111000111111
01110110011011001001

kT=1.7
11100001000111101100
11111110010011110100
11001111011010100011
11011111010000001000
11000111001110011000
11001000000010111000
11000111000000111100
11000011000000011110
11100110101111011101
01100011111000111111
11111111100001100110
11000010100000000011
11011111100011111011
11001111111111110111
10000001111111111111
11000000010011110111
01000000111111111111
01101100110111101110
00000001000110111111
11101100000111111110

kT=1.8
11111111011111100000
11110000011000111111
00110110000001110111
00011111000001111000
00011110000001010000
00000010100001111001
10001111000100010011
10011110000101011101
11111111000111111111
11100101001010001111
11110110001110111100
11110110000000001101
11101100000000000001
11111100100000001111
11111001100001111111
01110001100001111010
01110000000000101001
11101000000000011001
11111010100000001011
01111100000100011000

kT=1.9
01000110001101101000
01101110000101000000
00111110001010110000
10000110011110100000
00010011111110000010
10000111111111001000
00001011111111101110
01010001111000011110
10000011101100010111
00001111101110001101
01001111111110000101
01001111110011000000
00011000111101000000
00000000110000000000
11001011111001111000
01011001111011010000
11111001111000000000
11000001011000000010
11100100111110000000
11101100001111110000

kT=2
10001110100000000101
00001110110010000001
00001110000011100010
00000111010011111011
00000001011011010111
00101001111011110010
00000111111011111000
11100011101100111000
01111111101000111000
00100001100000100000
10000000100000000011
11000010001111110010
11010010001110011111
10100011001000111100
10000111011101100011
00011101001000001100
01110100000011101100
11111010000001111011
10011110000110111111
10010111101100111011

kT=2.1
10111101111000011100
11011000111110110100
11000000100000110000
00000000100011111000
10100011000111100001
00100111101000011101
00001100000000101111
11001100011001100100
10111100010111110000
11011001111001010100
01000000000111101100
00000100000110110100
01000000000011000000
01100000000000000100
00100001001100111000
00011000001111111100
00001100001101111100
10000010000110110100
00110000010110100000
10100000011001000000

kT=2.2
00011101111111111110
00111111101111011110
10011000011101110010
01111100110001111100
11111010001000011000
01111101011100111000
01111111111111110000
11111111111101111101
11111000000100110001
10011111000100110111
00111101001110100000
00111011100111111110
11011001100000100111
11001010100001000001
11001000101101111111
11101000111111110101
00101100111011111101
10000111111011011101
00000111110010100101
00110111110111111111

kT=2.3
00111000000111111000
01111001110011101010
01111000000011100010
00011100000100111010
11010100000000001011
10111100000001111101
11111111111111111011
11111011111100101101
10110111000000000100
11110011000000000110
10110000110000011011
00001010110011000000
10011010111101000111
01011101000001100110
01010010000000000111
00110011101100111000
01110001111111111111
00010001111111111000
00010100110010111111
11001100000011111110

kT=2.4
01110011111100101000
11110011001010000011
10010111111011110101
10101100101110111110
11101100010010101111
10000001110000111110
11000011111011110011
00000001111010110111
00000110001111010111
01111111110011001010
00111111110000010011
01001101000000010010
01110011010000101111
11111101110001001110
10011000001111000101
10001101101111011111
00101001101001111111
00111010011100000110
01111110001000100000
11111111010000111101

kT=2.5
00111110111111000001
11011001100110000001
11011111100111100010
11011100100001100111
10011111001000000011
10000101000011000010
11000000001110000001
11010000011100100011
11100000011000100011
10011101011001111111
10011101110001011110
10001011110001001001
10001001110111010001
00000001111001110110
11000101110001000111
11000000010100110100
10000100010000110011
00000001011111110111
11100110011111011011
11111110100111010111

kT=2.6
01111001101011111010
01111011100000000111
01110000110011100000
11111111110100001011
10111110110100011001
11101011010101010000
11100000010000000011
01110000000001000000
00111100000001111000
11100011100111100001
11111001111011111001
11111101111111111001
00011111110111111101
11011011110010011000
01110010110100001100
01111100000000001111
00101101110000111110
10100101110111111111
00001011111111111000
00111011100001111011

kT=2.7
10111111100011111101
11011101100110111011
10111001011000101110
11011110000010001001
11100110000010000101
01100111000111010111
01101011011111100111
11101100000101100110
11110001001111000111
11101000011100110110
11111000111111110010
11011000110000111111
11111111101011010000
01101001011000010110
10111100000000001011
10001110111100001011
10110011111100000000
10110111111101100011
00001001100001110001
11000111100010100100

kT=2.8
11010011000110001111
10000011001110011111
01001001010101001110
01011001010000010011
01010000000100111000
00001111110101111001
00000110011100111100
11000001111100111001
11000000000101110001
11100010011101111011
11101000100100010000
11100001000100001000
01100000110100010000
01100000011100000000
11100111011010001111
11000101111011001111
01001001111100011110
01100011101100011111
00011111011111000011
11111101011111100111

kT=2.9
01110101000011100100
01010111011101011011
00110111000011111001
10110011100001101011
10000011100101101111
00001010010110011100
10110001111011011111
00100111010111100101
10110111111111101001
01110111111111100000
11011110000001101110
11111101111110111100
01111001011001110011
01110001011110110111
01000001110111100111
00101001101100010111
11110001101000000011
10101000011000001100
00111011001011000011
01100000110000110001

kT=3
01100000101101111110
11011110010000000111
11101101010000011001
11100011111000001101
11110010001111111111
10100010010111101111
01010000100000010100
11001110101010011100
11011101001011111100
11110111111010111010
10111000101000000011
11111001101011110110
01001000100101001110
11011100111100000010
10011111111011001011
00011001100000001111
01100001000101100110
01111001111100100100
00110000011110010000
01110100011111000110

kT=3.1
11010111100000010100
00011000000000011100
10100001110000010111
11100000110011101111
10000001000000001101
00111001000101000010
10000000111101101111
00111001000000001110
01000000111100001111
11001000100010101101
11010000100110101111
11000111111111101001
11100100111100011100
11011100100111110001
00000000100101110110
11111111100000110010
11101111001110100110
01101000001110010110
01000100011111000001
10000001011110000110

kT=3.2
10111001001000001011
11111001000000101111
00010110110010111111
00110101000010101110
10011011001111101001
01001011110000101100
11000100110000101110
11010111110000111000
10000000111000101000
01101010011011110000
01100000011101110000
11010001111000111000
00001001000011011100
01110001100110010000
01100011010110000101
01111000111010010000
11111111011111001000
10010011001111101000
11001111001111101101
11111111101001110010

kT=3.3
11100110111011001110
11000010011100110100
10110100010000110001
10001100010000100001
11010110011000111111
00000011000010100001
10000110000111110111
10110110011111101011
00110111111111001000
11010001000110000000
00000001000111100001
11010110100011100111
10110011111101000011
11100010011101111101
01110000010010101010
11111001001111000111
11101100111110100111
01101001110000111010
10100001110000111001
11000111011001010100

kT=3.4
11011110110111100110
01111111000111100010
01100111001011110100
11100101001011010001
11110000101000101100
11100011000000010000
10010011111000000011
00010001011001101111
01111001001111001111
01000000001010000111
11010001010000001011
10111101001101101001
11110110000110100011
11100000000000000011
01110000001101010000
01101000011111000011
10001111010011001111
11000101110110100111
11101001001110000110
11000100111111000111

kT=3.5
10110011010001110000
11110000001000111001
10100110011111001011
10010011011100000111
10011010010100000011
00010001001110000110
11110000010010011000
11111100011010000011
10001100010100001111
10010001100100011011
10110111100000011101
11110011100101111111
11011010000000111111
10111111110000100101
00000000110110000111
10110000101100001010
11111000101101010111
01000100111011110111
01100111011111001111
11100110000010001100

kT=3.6
11000010100010101100
01001010000110001010
01000011101100001111
00011011000111101110
00010010000100000011
00000100100000101000
11000000001000101111
11011000100000000011
01111010011001100111
00101110100110111011
01111111101111101100
00100100001100011100
00100000011100111000
01010111000101101100
11111101110011100110
10101101110010000001
01111101101110010100
00110011101100110001
00010100100001110011
10011011101000111100

kT=3.7
01000001100000101000
10000000000111101000
01110110001111110100
01110110010001111101
00000000011000111011
10110100011000001111
01110100010000001000
11110001110101011111
01111111100011001110
11111010000011001011
01101110100011111111
01100101110001110011
01111111000100000110
11000010100000001011
11001110000000111011
01001100100101000010
00010110011111111000
00111111000101100000
00011001000000000000
01011101010111000001

kT=3.8
00000001000101100010
00100110101111100011
00010111111111000011
11001101010100111011
11000110010111100011
11101111110011101011
11001111011111111110
10110011001100001000
11100111001110001111
11100101000101101111
11001001101100110111
10101100001001000011
10110110101101111111
11001111001001011101
01011111011111101011
01001100101110101010
10001110001101111110
00011101000001111110
00010011100000000111
00111111111110101111

kT=3.9
10100000001100100110
00011000001111110100
00000000011110101100
10000000010100000100
10011101011001000000
10101001011110111101
10111000100000010011
11011110010010110010
10000110011010011001
00001110111010111010
11110111110000111110
01011011010100010110
11000000000110101011
10110011100111001111
01110001001110111011
11000111100011111010
10000111100010000100
11011110001011110110
11110110111000100100
00110001001001010000

J=1
latticeSize=20
h=0

J=1
latticeSize=20
h=0

