J=1
latticeSize=20
h=0
                  kT                   M                   E                  Cv                   X

              1.0000                   0          -1496.8730           7213.2305           2773.4387
              1.1000                   0           -227.9193           8779.3033         -28634.2913
              1.2000                   0           -145.2196           6179.6209            906.4710
              1.3000                   0          -2380.8728          -5008.1633            -26.7608
              1.4000                   0          -1842.1491          -1761.2274           -862.7189
              1.5000                   0           -535.2688           1468.5024          -1322.9825
              1.6000                   0          -1918.4459          -2068.9032             -8.1368
              1.7000                   0           -747.3828            540.2142           -222.2880
              1.8000                   0          -3772.7576         -10050.8195           -345.1045
              1.9000                   0          -2028.6114          -2110.9949           -356.9613
              2.0000                   0          -4103.2662         -10017.1434           -787.4873
              2.1000                   0          -3598.1725          -6958.8698           -217.8961
              2.2000                   0          -3660.0025          -6559.9831            -50.6943
              2.3000                   0          -3423.2575          -5249.2910            -35.1051
              2.4000                   0          -3249.1675          -4340.2847             12.6326
              2.5000                   0          -3287.1125          -4092.7331            -23.5175
              2.6000                   0          -3093.1675          -3353.0244            -29.5781
              2.7000                   0          -2996.0375          -2917.3553              0.6665
              2.8000                   0          -2954.8325          -2636.8645            -99.2981
              2.9000                   0          -2784.0625          -2183.1400             -5.5142
              3.0000                   0          -2579.8825          -1749.7093             -6.3043
              3.1000                   0          -2426.6525          -1450.6178              8.3017
              3.2000                   0          -2459.9925          -1396.8490              8.5935
              3.3000                   0          -2309.1875          -1158.9399              9.7873
              3.4000                   0          -2285.4075          -1069.1053             -2.1442
              3.5000                   0          -2111.4525           -860.3254              5.5666
              3.6000                   0          -2175.3775           -863.7019              3.3505
              3.7000                   0          -1952.6275           -658.6098             -3.5535
              3.8000                   0          -2054.8775           -691.0067            -44.8021
              3.9000                   0          -1937.7375           -583.5590            -70.3767
J=1
latticeSize=20
h=0

                  kT                   M                   E                  Cv                   X

J=1
latticeSize=20
h=0

                  kT                   M                   E                  Cv                   X

